2.00 0.00 2.00
1.97 0.35 2.00
1.88 0.68 2.00
1.73 1.00 2.00
1.53 1.29 2.00
1.29 1.53 2.00
1.00 1.73 2.00
0.68 1.88 2.00
0.35 1.97 2.00
0.00 2.00 2.00
-0.35 1.97 2.00
-0.68 1.88 2.00
-1.00 1.73 2.00
-1.29 1.53 2.00
-1.53 1.29 2.00
-1.73 1.00 2.00
-1.88 0.68 2.00
-1.97 0.35 2.00
-2.00 0.00 2.00
-1.97 -0.35 2.00
-1.88 -0.68 2.00
-1.73 -1.00 2.00
-1.53 -1.29 2.00
-1.29 -1.53 2.00
-1.00 -1.73 2.00
-0.68 -1.88 2.00
-0.35 -1.97 2.00
-0.00 -2.00 2.00
0.35 -1.97 2.00
0.68 -1.88 2.00
1.00 -1.73 2.00
1.29 -1.53 2.00
1.53 -1.29 2.00
1.73 -1.00 2.00
1.88 -0.68 2.00
1.97 -0.35 2.00